目标总数	目标坐标	目标坐标Y	目标宽	目标高	旋转角度
0	0	0		 0		0		 0
0	0	0		 0		0		 0
0	0	0		 0		0		 0
0	0	0		 0		0		 0
0	0	0		 0		0		 0
0	0	0		 0		0		 0
0	0	0		 0		0		 0
0	0	0		 0		0		 0
0	0	0		 0		0		 0
0	0	0		 0		0		 0
0	0	0		 0		0		 0
0	0	0		 0		0		 0
70	70	70		 70		70		 -1073741824
70	70	70		 70		70		 -1073741824
0	0	0		 0		0		 0
0	0	0		 0		0		 0
0	0	0		 0		0		 0
0	0	0		 0		0		 0
0	0	0		 0		0		 0
0	0	0		 0		0		 0
0	0	0		 0		0		 0
0	0	0		 0		0		 0
0	0	0		 0		0		 0
0	0	0		 0		0		 0
0	0	0		 0		0		 0
0	0	0		 0		0		 0
150	150	150		 150		150		 -1073741824
150	150	150		 150		150		 -1073741824
0	0	0		 0		0		 0
0	0	0		 0		0		 0
0	0	0		 0		0		 0
0	0	0		 0		0		 0
0	0	0		 0		0		 0
0	0	0		 0		0		 0
0	0	0		 0		0		 0
0	0	0		 0		0		 0
0	0	0		 0		0		 0
0	0	0		 0		0		 0
0	0	0		 0		0		 0
0	0	0		 0		0		 0
0	0	0		 0		0		 0
0	0	0		 0		0		 0
0	0	0		 0		0		 0
0	0	0		 0		0		 0
0	0	0		 0		0		 0
0	0	0		 0		0		 0
0	0	0		 0		0		 0
0	0	0		 0		0		 0
0	0	0		 0		0		 0
0	0	0		 0		0		 0
0	0	0		 0		0		 0
0	0	0		 0		0		 0
0	0	0		 0		0		 0
0	0	0		 0		0		 0
0	0	0		 0		0		 0
0	0	0		 0		0		 0
0	0	0		 0		0		 0
0	0	0		 0		0		 0
0	0	0		 0		0		 0
0	0	0		 0		0		 0
0	0	0		 0		0		 0
0	0	0		 0		0		 0
0	0	0		 0		0		 0
0	0	0		 0		0		 0
0	0	0		 0		0		 0
0	0	0		 0		0		 0
0	0	0		 0		0		 0
0	0	0		 0		0		 0
0	0	0		 0		0		 0
0	0	0		 0		0		 0
124	124	124		 124		124		 -2147483648
124	124	124		 124		124		 -2147483648
0	0	0		 0		0		 0
0	0	0		 0		0		 0
0	0	0		 0		0		 0
0	0	0		 0		0		 0
0	0	0		 0		0		 0
0	0	0		 0		0		 0
0	0	0		 0		0		 0
0	0	0		 0		0		 0
0	0	0		 0		0		 0
0	0	0		 0		0		 0
0	0	0		 0		0		 0
0	0	0		 0		0		 0
0	0	0		 0		0		 0
0	0	0		 0		0		 0
0	0	0		 0		0		 0
0	0	0		 0		0		 0
0	0	0		 0		0		 0
0	0	0		 0		0		 0
0	0	0		 0		0		 0
0	0	0		 0		0		 0
0	0	0		 0		0		 0
0	0	0		 0		0		 0
0	0	0		 0		0		 0
0	0	0		 0		0		 0
0	0	0		 0		0		 0
0	0	0		 0		0		 0
0	0	0		 0		0		 0
0	0	0		 0		0		 0
0	0	0		 0		0		 0
0	0	0		 0		0		 0
0	0	0		 0		0		 0
0	0	0		 0		0		 0
0	0	0		 0		0		 0
0	0	0		 0		0		 0
0	0	0		 0		0		 0
0	0	0		 0		0		 0
0	0	0		 0		0		 0
0	0	0		 0		0		 0
0	0	0		 0		0		 0
0	0	0		 0		0		 0
0	0	0		 0		0		 0
0	0	0		 0		0		 0
0	0	0		 0		0		 0
0	0	0		 0		0		 0
0	0	0		 0		0		 0
0	0	0		 0		0		 0
0	0	0		 0		0		 0
0	0	0		 0		0		 0
0	0	0		 0		0		 0
0	0	0		 0		0		 0
0	0	0		 0		0		 0
0	0	0		 0		0		 0
0	0	0		 0		0		 0
0	0	0		 0		0		 0
0	0	0		 0		0		 0
0	0	0		 0		0		 0
0	0	0		 0		0		 0
0	0	0		 0		0		 0
0	0	0		 0		0		 0
0	0	0		 0		0		 0
0	0	0		 0		0		 0
0	0	0		 0		0		 0
0	0	0		 0		0		 0
0	0	0		 0		0		 0
0	0	0		 0		0		 0
0	0	0		 0		0		 0
0	0	0		 0		0		 0
0	0	0		 0		0		 0
0	0	0		 0		0		 0
0	0	0		 0		0		 0
0	0	0		 0		0		 0
0	0	0		 0		0		 0
0	0	0		 0		0		 0
0	0	0		 0		0		 0
0	0	0		 0		0		 0
0	0	0		 0		0		 0
0	0	0		 0		0		 0
0	0	0		 0		0		 0
0	0	0		 0		0		 0
0	0	0		 0		0		 0
0	0	0		 0		0		 0
0	0	0		 0		0		 0
0	0	0		 0		0		 0
0	0	0		 0		0		 0
0	0	0		 0		0		 0
0	0	0		 0		0		 0
0	0	0		 0		0		 0
0	0	0		 0		0		 0
0	0	0		 0		0		 0
0	0	0		 0		0		 0
0	0	0		 0		0		 0
0	0	0		 0		0		 0
0	0	0		 0		0		 0
0	0	0		 0		0		 0
0	0	0		 0		0		 0
0	0	0		 0		0		 0
0	0	0		 0		0		 0
0	0	0		 0		0		 0
0	0	0		 0		0		 0
0	0	0		 0		0		 0
0	0	0		 0		0		 0
0	0	0		 0		0		 0
0	0	0		 0		0		 0
0	0	0		 0		0		 0
0	0	0		 0		0		 0
0	0	0		 0		0		 0
0	0	0		 0		0		 0
0	0	0		 0		0		 0
0	0	0		 0		0		 0
0	0	0		 0		0		 0
0	0	0		 0		0		 0
0	0	0		 0		0		 0
0	0	0		 0		0		 0
0	0	0		 0		0		 0
0	0	0		 0		0		 0
0	0	0		 0		0		 0
0	0	0		 0		0		 0
0	0	0		 0		0		 0
0	0	0		 0		0		 0
0	0	0		 0		0		 0
0	0	0		 0		0		 0
0	0	0		 0		0		 0
0	0	0		 0		0		 0
0	0	0		 0		0		 0
0	0	0		 0		0		 0
0	0	0		 0		0		 0
0	0	0		 0		0		 0
0	0	0		 0		0		 0
0	0	0		 0		0		 0
0	0	0		 0		0		 0
0	0	0		 0		0		 0
0	0	0		 0		0		 0
0	0	0		 0		0		 0
0	0	0		 0		0		 0
0	0	0		 0		0		 0
0	0	0		 0		0		 0
0	0	0		 0		0		 0
0	0	0		 0		0		 0
0	0	0		 0		0		 0
0	0	0		 0		0		 0
0	0	0		 0		0		 0
0	0	0		 0		0		 0
0	0	0		 0		0		 0
0	0	0		 0		0		 0
0	0	0		 0		0		 0
0	0	0		 0		0		 0
0	0	0		 0		0		 0
0	0	0		 0		0		 0
0	0	0		 0		0		 0
0	0	0		 0		0		 0
0	0	0		 0		0		 0
0	0	0		 0		0		 0
0	0	0		 0		0		 0
0	0	0		 0		0		 0
0	0	0		 0		0		 0
0	0	0		 0		0		 0
0	0	0		 0		0		 0
0	0	0		 0		0		 0
0	0	0		 0		0		 0
0	0	0		 0		0		 0
0	0	0		 0		0		 0
0	0	0		 0		0		 0
0	0	0		 0		0		 0
0	0	0		 0		0		 0
0	0	0		 0		0		 0
0	0	0		 0		0		 0
0	0	0		 0		0		 0
0	0	0		 0		0		 0
0	0	0		 0		0		 0
0	0	0		 0		0		 0
0	0	0		 0		0		 0
0	0	0		 0		0		 0
0	0	0		 0		0		 0
0	0	0		 0		0		 0
0	0	0		 0		0		 0
0	0	0		 0		0		 0
0	0	0		 0		0		 0
0	0	0		 0		0		 0
0	0	0		 0		0		 0
0	0	0		 0		0		 0
0	0	0		 0		0		 0
0	0	0		 0		0		 0
0	0	0		 0		0		 0
0	0	0		 0		0		 0
0	0	0		 0		0		 0
0	0	0		 0		0		 0
0	0	0		 0		0		 0
0	0	0		 0		0		 0
0	0	0		 0		0		 0
0	0	0		 0		0		 0
0	0	0		 0		0		 0
0	0	0		 0		0		 0
0	0	0		 0		0		 0
0	0	0		 0		0		 0
0	0	0		 0		0		 0
0	0	0		 0		0		 0
0	0	0		 0		0		 0
0	0	0		 0		0		 0
150	150	150		 150		150		 -1073741824
150	150	150		 150		150		 -1073741824
0	0	0		 0		0		 0
0	0	0		 0		0		 0
0	0	0		 0		0		 0
0	0	0		 0		0		 0
0	0	0		 0		0		 0
0	0	0		 0		0		 0
0	0	0		 0		0		 0
0	0	0		 0		0		 0
0	0	0		 0		0		 0
0	0	0		 0		0		 0
0	0	0		 0		0		 0
0	0	0		 0		0		 0
0	0	0		 0		0		 0
0	0	0		 0		0		 0
0	0	0		 0		0		 0
0	0	0		 0		0		 0
0	0	0		 0		0		 0
0	0	0		 0		0		 0
0	0	0		 0		0		 0
0	0	0		 0		0		 0
0	0	0		 0		0		 0
0	0	0		 0		0		 0
0	0	0		 0		0		 0
0	0	0		 0		0		 0
44	44	44		 44		44		 -2147483648
44	44	44		 44		44		 -2147483648
0	0	0		 0		0		 0
0	0	0		 0		0		 0
0	0	0		 0		0		 0
0	0	0		 0		0		 0
0	0	0		 0		0		 0
0	0	0		 0		0		 0
0	0	0		 0		0		 0
0	0	0		 0		0		 0
104	104	104		 104		104		 0
104	104	104		 104		104		 0
0	0	0		 0		0		 0
0	0	0		 0		0		 0
0	0	0		 0		0		 0
0	0	0		 0		0		 0
0	0	0		 0		0		 0
0	0	0		 0		0		 0
0	0	0		 0		0		 0
0	0	0		 0		0		 0
0	0	0		 0		0		 0
0	0	0		 0		0		 0
0	0	0		 0		0		 0
0	0	0		 0		0		 0
0	0	0		 0		0		 0
0	0	0		 0		0		 0
0	0	0		 0		0		 0
0	0	0		 0		0		 0
0	0	0		 0		0		 0
0	0	0		 0		0		 0
0	0	0		 0		0		 0
0	0	0		 0		0		 0
0	0	0		 0		0		 0
0	0	0		 0		0		 0
0	0	0		 0		0		 0
0	0	0		 0		0		 0
0	0	0		 0		0		 0
0	0	0		 0		0		 0
0	0	0		 0		0		 0
0	0	0		 0		0		 0
0	0	0		 0		0		 0
0	0	0		 0		0		 0
0	0	0		 0		0		 0
0	0	0		 0		0		 0
0	0	0		 0		0		 0
0	0	0		 0		0		 0
0	0	0		 0		0		 0
0	0	0		 0		0		 0
0	0	0		 0		0		 0
0	0	0		 0		0		 0
0	0	0		 0		0		 0
0	0	0		 0		0		 0
0	0	0		 0		0		 0
0	0	0		 0		0		 0
0	0	0		 0		0		 0
0	0	0		 0		0		 0
0	0	0		 0		0		 0
0	0	0		 0		0		 0
0	0	0		 0		0		 0
0	0	0		 0		0		 0
0	0	0		 0		0		 0
0	0	0		 0		0		 0
0	0	0		 0		0		 0
0	0	0		 0		0		 0
0	0	0		 0		0		 0
0	0	0		 0		0		 0
0	0	0		 0		0		 0
0	0	0		 0		0		 0
0	0	0		 0		0		 0
0	0	0		 0		0		 0
0	0	0		 0		0		 0
0	0	0		 0		0		 0
0	0	0		 0		0		 0
0	0	0		 0		0		 0
0	0	0		 0		0		 0
0	0	0		 0		0		 0
198	198	198		 198		198		 -1073741824
198	198	198		 198		198		 -1073741824
0	0	0		 0		0		 0
0	0	0		 0		0		 0
