目标总数	目标坐标	目标坐标Y	目标宽	目标高	旋转角度
0	0	0		 0		0		 0
0	0	0		 0		0		 0
0	0	0		 0		0		 0
0	0	0		 0		0		 0
0	0	0		 0		0		 0
0	0	0		 0		0		 0
0	0	0		 0		0		 0
0	0	0		 0		0		 0
0	0	0		 0		0		 0
0	0	0		 0		0		 0
0	0	0		 0		0		 0
0	0	0		 0		0		 0
70	17990	17990		 17990		17990		 -1073741824
70	17990	17990		 17990		17990		 -1073741824
0	0	0		 0		0		 0
0	0	0		 0		0		 0
0	0	0		 0		0		 0
0	0	0		 0		0		 0
0	0	0		 0		0		 0
0	0	0		 0		0		 0
120	30840	30840		 30840		30840		 0
120	30840	30840		 30840		30840		 0
0	0	0		 0		0		 0
0	0	0		 0		0		 0
0	0	0		 0		0		 0
0	0	0		 0		0		 0
0	0	0		 0		0		 0
0	0	0		 0		0		 0
0	0	0		 0		0		 0
0	0	0		 0		0		 0
0	0	0		 0		0		 0
0	0	0		 0		0		 0
0	0	0		 0		0		 0
0	0	0		 0		0		 0
0	0	0		 0		0		 0
0	0	0		 0		0		 0
0	0	0		 0		0		 0
0	0	0		 0		0		 0
0	0	0		 0		0		 0
0	0	0		 0		0		 0
0	0	0		 0		0		 0
0	0	0		 0		0		 0
0	0	0		 0		0		 0
0	0	0		 0		0		 0
0	0	0		 0		0		 0
0	0	0		 0		0		 0
0	0	0		 0		0		 0
0	0	0		 0		0		 0
0	0	0		 0		0		 0
0	0	0		 0		0		 0
0	0	0		 0		0		 0
0	0	0		 0		0		 0
0	0	0		 0		0		 0
0	0	0		 0		0		 0
0	0	0		 0		0		 0
0	0	0		 0		0		 0
0	0	0		 0		0		 0
0	0	0		 0		0		 0
0	0	0		 0		0		 0
0	0	0		 0		0		 0
0	0	0		 0		0		 0
0	0	0		 0		0		 0
0	0	0		 0		0		 0
0	0	0		 0		0		 0
0	0	0		 0		0		 0
0	0	0		 0		0		 0
0	0	0		 0		0		 0
0	0	0		 0		0		 0
0	0	0		 0		0		 0
0	0	0		 0		0		 0
0	0	0		 0		0		 0
0	0	0		 0		0		 0
0	0	0		 0		0		 0
0	0	0		 0		0		 0
0	0	0		 0		0		 0
0	0	0		 0		0		 0
0	0	0		 0		0		 0
0	0	0		 0		0		 0
0	0	0		 0		0		 0
0	0	0		 0		0		 0
0	0	0		 0		0		 0
0	0	0		 0		0		 0
0	0	0		 0		0		 0
0	0	0		 0		0		 0
0	0	0		 0		0		 0
0	0	0		 0		0		 0
0	0	0		 0		0		 0
0	0	0		 0		0		 0
0	0	0		 0		0		 0
0	0	0		 0		0		 0
0	0	0		 0		0		 0
0	0	0		 0		0		 0
0	0	0		 0		0		 0
0	0	0		 0		0		 0
0	0	0		 0		0		 0
0	0	0		 0		0		 0
0	0	0		 0		0		 0
0	0	0		 0		0		 0
0	0	0		 0		0		 0
0	0	0		 0		0		 0
0	0	0		 0		0		 0
0	0	0		 0		0		 0
0	0	0		 0		0		 0
0	0	0		 0		0		 0
0	0	0		 0		0		 0
0	0	0		 0		0		 0
0	0	0		 0		0		 0
0	0	0		 0		0		 0
0	0	0		 0		0		 0
0	0	0		 0		0		 0
98	25186	25186		 25186		25186		 1073741824
98	25186	25186		 25186		25186		 1073741824
118	30326	30326		 30326		30326		 -1073741824
118	30326	30326		 30326		30326		 -1073741824
0	0	0		 0		0		 0
0	0	0		 0		0		 0
0	0	0		 0		0		 0
0	0	0		 0		0		 0
0	0	0		 0		0		 0
0	0	0		 0		0		 0
0	0	0		 0		0		 0
0	0	0		 0		0		 0
0	0	0		 0		0		 0
0	0	0		 0		0		 0
0	0	0		 0		0		 0
0	0	0		 0		0		 0
0	0	0		 0		0		 0
0	0	0		 0		0		 0
0	0	0		 0		0		 0
0	0	0		 0		0		 0
0	0	0		 0		0		 0
0	0	0		 0		0		 0
0	0	0		 0		0		 0
0	0	0		 0		0		 0
0	0	0		 0		0		 0
0	0	0		 0		0		 0
0	0	0		 0		0		 0
0	0	0		 0		0		 0
0	0	0		 0		0		 0
0	0	0		 0		0		 0
0	0	0		 0		0		 0
0	0	0		 0		0		 0
0	0	0		 0		0		 0
0	0	0		 0		0		 0
0	0	0		 0		0		 0
0	0	0		 0		0		 0
0	0	0		 0		0		 0
0	0	0		 0		0		 0
0	0	0		 0		0		 0
0	0	0		 0		0		 0
0	0	0		 0		0		 0
0	0	0		 0		0		 0
0	0	0		 0		0		 0
0	0	0		 0		0		 0
0	0	0		 0		0		 0
0	0	0		 0		0		 0
0	0	0		 0		0		 0
0	0	0		 0		0		 0
102	26214	26214		 26214		26214		 -1073741824
102	26214	26214		 26214		26214		 -1073741824
0	0	0		 0		0		 0
0	0	0		 0		0		 0
0	0	0		 0		0		 0
0	0	0		 0		0		 0
0	0	0		 0		0		 0
0	0	0		 0		0		 0
0	0	0		 0		0		 0
0	0	0		 0		0		 0
0	0	0		 0		0		 0
0	0	0		 0		0		 0
0	0	0		 0		0		 0
0	0	0		 0		0		 0
0	0	0		 0		0		 0
0	0	0		 0		0		 0
0	0	0		 0		0		 0
0	0	0		 0		0		 0
0	0	0		 0		0		 0
0	0	0		 0		0		 0
0	0	0		 0		0		 0
0	0	0		 0		0		 0
0	0	0		 0		0		 0
0	0	0		 0		0		 0
0	0	0		 0		0		 0
0	0	0		 0		0		 0
0	0	0		 0		0		 0
0	0	0		 0		0		 0
0	0	0		 0		0		 0
0	0	0		 0		0		 0
0	0	0		 0		0		 0
0	0	0		 0		0		 0
0	0	0		 0		0		 0
0	0	0		 0		0		 0
0	0	0		 0		0		 0
0	0	0		 0		0		 0
0	0	0		 0		0		 0
0	0	0		 0		0		 0
0	0	0		 0		0		 0
0	0	0		 0		0		 0
0	0	0		 0		0		 0
0	0	0		 0		0		 0
0	0	0		 0		0		 0
0	0	0		 0		0		 0
0	0	0		 0		0		 0
0	0	0		 0		0		 0
0	0	0		 0		0		 0
0	0	0		 0		0		 0
0	0	0		 0		0		 0
0	0	0		 0		0		 0
0	0	0		 0		0		 0
0	0	0		 0		0		 0
0	0	0		 0		0		 0
0	0	0		 0		0		 0
0	0	0		 0		0		 0
0	0	0		 0		0		 0
0	0	0		 0		0		 0
0	0	0		 0		0		 0
0	0	0		 0		0		 0
0	0	0		 0		0		 0
0	0	0		 0		0		 0
0	0	0		 0		0		 0
0	0	0		 0		0		 0
0	0	0		 0		0		 0
0	0	0		 0		0		 0
0	0	0		 0		0		 0
0	0	0		 0		0		 0
0	0	0		 0		0		 0
0	0	0		 0		0		 0
0	0	0		 0		0		 0
0	0	0		 0		0		 0
0	0	0		 0		0		 0
0	0	0		 0		0		 0
0	0	0		 0		0		 0
0	0	0		 0		0		 0
0	0	0		 0		0		 0
0	0	0		 0		0		 0
0	0	0		 0		0		 0
0	0	0		 0		0		 0
0	0	0		 0		0		 0
0	0	0		 0		0		 0
0	0	0		 0		0		 0
0	0	0		 0		0		 0
0	0	0		 0		0		 0
0	0	0		 0		0		 0
0	0	0		 0		0		 0
0	0	0		 0		0		 0
0	0	0		 0		0		 0
0	0	0		 0		0		 0
0	0	0		 0		0		 0
0	0	0		 0		0		 0
0	0	0		 0		0		 0
0	0	0		 0		0		 0
0	0	0		 0		0		 0
0	0	0		 0		0		 0
0	0	0		 0		0		 0
0	0	0		 0		0		 0
0	0	0		 0		0		 0
0	0	0		 0		0		 0
0	0	0		 0		0		 0
0	0	0		 0		0		 0
0	0	0		 0		0		 0
0	0	0		 0		0		 0
0	0	0		 0		0		 0
0	0	0		 0		0		 0
0	0	0		 0		0		 0
0	0	0		 0		0		 0
0	0	0		 0		0		 0
0	0	0		 0		0		 0
0	0	0		 0		0		 0
0	0	0		 0		0		 0
0	0	0		 0		0		 0
0	0	0		 0		0		 0
0	0	0		 0		0		 0
200	51400	51400		 51400		51400		 0
200	51400	51400		 51400		51400		 0
0	0	0		 0		0		 0
0	0	0		 0		0		 0
0	0	0		 0		0		 0
0	0	0		 0		0		 0
0	0	0		 0		0		 0
0	0	0		 0		0		 0
0	0	0		 0		0		 0
0	0	0		 0		0		 0
0	0	0		 0		0		 0
0	0	0		 0		0		 0
0	0	0		 0		0		 0
0	0	0		 0		0		 0
0	0	0		 0		0		 0
0	0	0		 0		0		 0
0	0	0		 0		0		 0
0	0	0		 0		0		 0
74	19018	19018		 19018		19018		 1073741824
74	19018	19018		 19018		19018		 1073741824
0	0	0		 0		0		 0
0	0	0		 0		0		 0
0	0	0		 0		0		 0
0	0	0		 0		0		 0
0	0	0		 0		0		 0
0	0	0		 0		0		 0
0	0	0		 0		0		 0
0	0	0		 0		0		 0
0	0	0		 0		0		 0
0	0	0		 0		0		 0
0	0	0		 0		0		 0
0	0	0		 0		0		 0
0	0	0		 0		0		 0
0	0	0		 0		0		 0
0	0	0		 0		0		 0
0	0	0		 0		0		 0
0	0	0		 0		0		 0
0	0	0		 0		0		 0
0	0	0		 0		0		 0
0	0	0		 0		0		 0
0	0	0		 0		0		 0
0	0	0		 0		0		 0
0	0	0		 0		0		 0
0	0	0		 0		0		 0
0	0	0		 0		0		 0
0	0	0		 0		0		 0
0	0	0		 0		0		 0
0	0	0		 0		0		 0
0	0	0		 0		0		 0
0	0	0		 0		0		 0
0	0	0		 0		0		 0
0	0	0		 0		0		 0
0	0	0		 0		0		 0
0	0	0		 0		0		 0
0	0	0		 0		0		 0
0	0	0		 0		0		 0
0	0	0		 0		0		 0
0	0	0		 0		0		 0
0	0	0		 0		0		 0
0	0	0		 0		0		 0
0	0	0		 0		0		 0
0	0	0		 0		0		 0
0	0	0		 0		0		 0
0	0	0		 0		0		 0
0	0	0		 0		0		 0
0	0	0		 0		0		 0
0	0	0		 0		0		 0
0	0	0		 0		0		 0
0	0	0		 0		0		 0
0	0	0		 0		0		 0
0	0	0		 0		0		 0
0	0	0		 0		0		 0
0	0	0		 0		0		 0
0	0	0		 0		0		 0
0	0	0		 0		0		 0
0	0	0		 0		0		 0
0	0	0		 0		0		 0
0	0	0		 0		0		 0
0	0	0		 0		0		 0
0	0	0		 0		0		 0
0	0	0		 0		0		 0
0	0	0		 0		0		 0
0	0	0		 0		0		 0
0	0	0		 0		0		 0
0	0	0		 0		0		 0
0	0	0		 0		0		 0
0	0	0		 0		0		 0
0	0	0		 0		0		 0
0	0	0		 0		0		 0
0	0	0		 0		0		 0
0	0	0		 0		0		 0
0	0	0		 0		0		 0
0	0	0		 0		0		 0
0	0	0		 0		0		 0
0	0	0		 0		0		 0
0	0	0		 0		0		 0
0	0	0		 0		0		 0
0	0	0		 0		0		 0
0	0	0		 0		0		 0
0	0	0		 0		0		 0
0	0	0		 0		0		 0
0	0	0		 0		0		 0
0	0	0		 0		0		 0
0	0	0		 0		0		 0
0	0	0		 0		0		 0
0	0	0		 0		0		 0
0	0	0		 0		0		 0
0	0	0		 0		0		 0
0	0	0		 0		0		 0
0	0	0		 0		0		 0
0	0	0		 0		0		 0
0	0	0		 0		0		 0
0	0	0		 0		0		 0
0	0	0		 0		0		 0
0	0	0		 0		0		 0
0	0	0		 0		0		 0
0	0	0		 0		0		 0
0	0	0		 0		0		 0
0	0	0		 0		0		 0
0	0	0		 0		0		 0
0	0	0		 0		0		 0
0	0	0		 0		0		 0
0	0	0		 0		0		 0
0	0	0		 0		0		 0
0	0	0		 0		0		 0
0	0	0		 0		0		 0
0	0	0		 0		0		 0
0	0	0		 0		0		 0
0	0	0		 0		0		 0
0	0	0		 0		0		 0
0	0	0		 0		0		 0
0	0	0		 0		0		 0
0	0	0		 0		0		 0
0	0	0		 0		0		 0
0	0	0		 0		0		 0
0	0	0		 0		0		 0
0	0	0		 0		0		 0
0	0	0		 0		0		 0
0	0	0		 0		0		 0
0	0	0		 0		0		 0
0	0	0		 0		0		 0
0	0	0		 0		0		 0
0	0	0		 0		0		 0
0	0	0		 0		0		 0
0	0	0		 0		0		 0
0	0	0		 0		0		 0
0	0	0		 0		0		 0
0	0	0		 0		0		 0
0	0	0		 0		0		 0
0	0	0		 0		0		 0
0	0	0		 0		0		 0
0	0	0		 0		0		 0
0	0	0		 0		0		 0
0	0	0		 0		0		 0
0	0	0		 0		0		 0
0	0	0		 0		0		 0
0	0	0		 0		0		 0
0	0	0		 0		0		 0
0	0	0		 0		0		 0
0	0	0		 0		0		 0
0	0	0		 0		0		 0
0	0	0		 0		0		 0
0	0	0		 0		0		 0
0	0	0		 0		0		 0
0	0	0		 0		0		 0
0	0	0		 0		0		 0
0	0	0		 0		0		 0
0	0	0		 0		0		 0
0	0	0		 0		0		 0
0	0	0		 0		0		 0
0	0	0		 0		0		 0
0	0	0		 0		0		 0
0	0	0		 0		0		 0
0	0	0		 0		0		 0
0	0	0		 0		0		 0
0	0	0		 0		0		 0
0	0	0		 0		0		 0
0	0	0		 0		0		 0
0	0	0		 0		0		 0
0	0	0		 0		0		 0
0	0	0		 0		0		 0
0	0	0		 0		0		 0
0	0	0		 0		0		 0
0	0	0		 0		0		 0
0	0	0		 0		0		 0
0	0	0		 0		0		 0
0	0	0		 0		0		 0
0	0	0		 0		0		 0
0	0	0		 0		0		 0
0	0	0		 0		0		 0
0	0	0		 0		0		 0
0	0	0		 0		0		 0
0	0	0		 0		0		 0
0	0	0		 0		0		 0
0	0	0		 0		0		 0
0	0	0		 0		0		 0
0	0	0		 0		0		 0
0	0	0		 0		0		 0
0	0	0		 0		0		 0
0	0	0		 0		0		 0
0	0	0		 0		0		 0
0	0	0		 0		0		 0
0	0	0		 0		0		 0
0	0	0		 0		0		 0
0	0	0		 0		0		 0
0	0	0		 0		0		 0
0	0	0		 0		0		 0
0	0	0		 0		0		 0
0	0	0		 0		0		 0
0	0	0		 0		0		 0
0	0	0		 0		0		 0
0	0	0		 0		0		 0
0	0	0		 0		0		 0
0	0	0		 0		0		 0
0	0	0		 0		0		 0
0	0	0		 0		0		 0
70	17990	17990		 17990		17990		 -1073741824
70	17990	17990		 17990		17990		 -1073741824
0	0	0		 0		0		 0
0	0	0		 0		0		 0
0	0	0		 0		0		 0
0	0	0		 0		0		 0
0	0	0		 0		0		 0
0	0	0		 0		0		 0
0	0	0		 0		0		 0
0	0	0		 0		0		 0
0	0	0		 0		0		 0
0	0	0		 0		0		 0
0	0	0		 0		0		 0
0	0	0		 0		0		 0
0	0	0		 0		0		 0
0	0	0		 0		0		 0
0	0	0		 0		0		 0
0	0	0		 0		0		 0
180	46260	46260		 46260		46260		 -2147483648
180	46260	46260		 46260		46260		 -2147483648
0	0	0		 0		0		 0
0	0	0		 0		0		 0
0	0	0		 0		0		 0
0	0	0		 0		0		 0
0	0	0		 0		0		 0
0	0	0		 0		0		 0
0	0	0		 0		0		 0
0	0	0		 0		0		 0
0	0	0		 0		0		 0
0	0	0		 0		0		 0
0	0	0		 0		0		 0
0	0	0		 0		0		 0
0	0	0		 0		0		 0
0	0	0		 0		0		 0
14	3598	3598		 3598		3598		 -1073741824
14	3598	3598		 3598		3598		 -1073741824
0	0	0		 0		0		 0
0	0	0		 0		0		 0
0	0	0		 0		0		 0
0	0	0		 0		0		 0
0	0	0		 0		0		 0
0	0	0		 0		0		 0
0	0	0		 0		0		 0
0	0	0		 0		0		 0
0	0	0		 0		0		 0
0	0	0		 0		0		 0
0	0	0		 0		0		 0
0	0	0		 0		0		 0
0	0	0		 0		0		 0
0	0	0		 0		0		 0
0	0	0		 0		0		 0
0	0	0		 0		0		 0
0	0	0		 0		0		 0
0	0	0		 0		0		 0
0	0	0		 0		0		 0
0	0	0		 0		0		 0
0	0	0		 0		0		 0
0	0	0		 0		0		 0
0	0	0		 0		0		 0
0	0	0		 0		0		 0
0	0	0		 0		0		 0
0	0	0		 0		0		 0
0	0	0		 0		0		 0
0	0	0		 0		0		 0
0	0	0		 0		0		 0
0	0	0		 0		0		 0
184	47288	47288		 47288		47288		 0
184	47288	47288		 47288		47288		 0
0	0	0		 0		0		 0
0	0	0		 0		0		 0
0	0	0		 0		0		 0
0	0	0		 0		0		 0
0	0	0		 0		0		 0
0	0	0		 0		0		 0
0	0	0		 0		0		 0
0	0	0		 0		0		 0
0	0	0		 0		0		 0
0	0	0		 0		0		 0
0	0	0		 0		0		 0
0	0	0		 0		0		 0
0	0	0		 0		0		 0
0	0	0		 0		0		 0
0	0	0		 0		0		 0
0	0	0		 0		0		 0
0	0	0		 0		0		 0
0	0	0		 0		0		 0
0	0	0		 0		0		 0
0	0	0		 0		0		 0
0	0	0		 0		0		 0
0	0	0		 0		0		 0
0	0	0		 0		0		 0
0	0	0		 0		0		 0
